visit list:
[3 1 2]
[4 0 5]
[6 7 8] depth = 0


[3 0 2]
[4 1 5]
[6 7 8] depth = 1


[3 1 2]
[4 7 5]
[6 0 8] depth = 1


[3 1 2]
[0 4 5]
[6 7 8] depth = 1


[3 1 2]
[4 5 0]
[6 7 8] depth = 1


[0 3 2]
[4 1 5]
[6 7 8] depth = 2


[3 2 0]
[4 1 5]
[6 7 8] depth = 2


[3 1 2]
[4 7 5]
[0 6 8] depth = 2


[3 1 2]
[4 7 5]
[6 8 0] depth = 2


[0 1 2]
[3 4 5]
[6 7 8] depth = 2


explore list:
[3 1 2]
[4 0 5]
[6 7 8] depth = 0


[3 0 2]
[4 1 5]
[6 7 8] depth = 1


[3 1 2]
[4 7 5]
[6 0 8] depth = 1


[3 1 2]
[0 4 5]
[6 7 8] depth = 1


[3 1 2]
[4 5 0]
[6 7 8] depth = 1


[0 3 2]
[4 1 5]
[6 7 8] depth = 2


[3 2 0]
[4 1 5]
[6 7 8] depth = 2


[3 1 2]
[4 7 5]
[0 6 8] depth = 2


[3 1 2]
[4 7 5]
[6 8 0] depth = 2


[0 1 2]
[3 4 5]
[6 7 8] depth = 2


[3 1 2]
[6 4 5]
[0 7 8] depth = 2


[3 1 0]
[4 5 2]
[6 7 8] depth = 2


[3 1 2]
[4 5 8]
[6 7 0] depth = 2


[4 3 2]
[0 1 5]
[6 7 8] depth = 3


[3 2 5]
[4 1 0]
[6 7 8] depth = 3


[3 1 2]
[0 7 5]
[4 6 8] depth = 3


[3 1 2]
[4 7 0]
[6 8 5] depth = 3