[1 4 2]
[3 7 5]
[6 0 8] depth = 0

[1 4 2]
[3 0 5]
[6 7 8] depth = 1

[1 0 2]
[3 4 5]
[6 7 8] depth = 2

[0 1 2]
[3 4 5]
[6 7 8] depth = 3

visit list:
[1 4 2]
[3 7 5]
[6 0 8] depth = 0


[1 4 2]
[3 0 5]
[6 7 8] depth = 1


[1 0 2]
[3 4 5]
[6 7 8] depth = 2


[0 1 2]
[3 4 5]
[6 7 8] depth = 3


explore list:
[1 4 2]
[3 7 5]
[6 0 8] depth = 0


[1 4 2]
[3 0 5]
[6 7 8] depth = 1


[1 4 2]
[3 7 5]
[0 6 8] depth = 1


[1 4 2]
[3 7 5]
[6 8 0] depth = 1


[1 0 2]
[3 4 5]
[6 7 8] depth = 2


[1 4 2]
[0 3 5]
[6 7 8] depth = 2


[1 4 2]
[3 5 0]
[6 7 8] depth = 2


[0 1 2]
[3 4 5]
[6 7 8] depth = 3


[1 2 0]
[3 4 5]
[6 7 8] depth = 3